0,273
0,270
10,126
11,13
54,4
54,3
54,2
54,1
54,0
53,4
53,3
53,2
53,1
53,0
52,3
52,2
52,1
52,0
51,4
51,3
51,2
51,1
51,0
50,4
50,3
50,2
50,1
50,0
48,5
48,4
48,3
48,2
48,1
48,0
45,5
45,4
45,3
45,2
45,1
45,0
43,5
43,4
43,3
43,2
43,1
43,0
39,4
39,3
39,1
31,3
10,221
10,258
10,291
10,207
10,130
10,287
10,313
31,1
14,5
14,4
14,2
11,30
11,28
11,25
11,24
11,21
11,20
11,19
10,100
10,2
10,3
11,18
11,17
11,16
11,15
10,277
10,217
11,7
11,9
11,12
11,29
11,6
11,27
11,1
11,22
11,2
11,3
9,7
9,5
9,3
8,13
8,16
8,10
8,17
12,2
12,1
12,3
10,215
20,2
20,1
20,3
19,2
19,1
19,3
10,175
10,134
10,95
